232.2
257.7
303.7
201
130.7
82.8
110.1
208.1
97.6
314.7
118.7
299.8
149.6
205.2
280.7
232.2
137.8
247.4
171.2
216.8
174
100.5
205.4
135.8
211.3
229.9
230
203.1
175
178.9
151.6
129.2
123.5
109.9
111.6
123.8
122.8
104.7
148.4
146
107.9
132.4
135
143
119.6
115.7
89.9
83.9
163.9
158.9
154.7
154.9
157.9
169.9
171.8
178.9
189.9
109.2
131.9
154.5
176.4
83
107.7
190.6
142.1
267.5
78.4
265.1
248.1
140.3
233.8
206.6
222.7
209.5
196.9
67.5
161.8
178.5
132.3
256.9
206.3
235.2
107.4
261.9
244.7
241.6
229.7
153.7
233.8
128.9
192.9
138.7
135.9
216.9
281.2
164.5
